DateTime,Memo,K1:VIS-MCI_TM_OPLEV_TILT_SEG1_INMON.mean,K1:VIS-MCI_TM_OPLEV_TILT_SEG1_INMON.std,K1:VIS-MCI_TM_OPLEV_TILT_SEG2_INMON.mean,K1:VIS-MCI_TM_OPLEV_TILT_SEG2_INMON.std,K1:VIS-MCI_TM_OPLEV_TILT_SEG3_INMON.mean,K1:VIS-MCI_TM_OPLEV_TILT_SEG3_INMON.std,K1:VIS-MCI_TM_OPLEV_TILT_SEG4_INMON.mean,K1:VIS-MCI_TM_OPLEV_TILT_SEG4_INMON.std,K1:VIS-MCI_TM_OPLEV_TILT_PIT_INMON.mean,K1:VIS-MCI_TM_OPLEV_TILT_PIT_INMON.std,K1:VIS-MCI_TM_OPLEV_TILT_YAW_INMON.mean,K1:VIS-MCI_TM_OPLEV_TILT_YAW_INMON.std,K1:VIS-MCI_TM_OPLEV_TILT_SUM_INMON.mean,K1:VIS-MCI_TM_OPLEV_TILT_SUM_INMON.std,K1:VIS-MCI_TM_OPLEV_TILT_CRS_INMON.mean,K1:VIS-MCI_TM_OPLEV_TILT_CRS_INMON.std
2021-03-17 11:33:21.782375,-20,-1950.481,3.189,-2260.772,3.352,-2707.804,4.091,-2775.955,3.636,0.131,0.001,-0.025,0.001,9695.014,2.349,378.442,1.478
2021-03-17 11:34:03.921120,-19,-1964.136,3.417,-2253.247,3.203,-2689.219,3.826,-2785.452,3.365,0.130,0.001,-0.020,0.001,9692.055,1.810,385.342,1.504
2021-03-17 11:34:38.938322,-18,-1950.776,2.786,-2268.568,2.636,-2710.583,2.786,-2769.205,2.083,0.130,0.001,-0.027,0.000,9699.131,2.004,376.414,1.210
2021-03-17 11:36:18.433862,-17,-1960.831,1.564,-2271.848,2.249,-2694.983,1.557,-2764.449,2.290,0.127,0.000,-0.025,0.001,9692.111,2.742,380.483,1.286
2021-03-17 11:37:09.980911,-16,-1959.219,2.283,-2261.736,4.376,-2695.018,2.919,-2773.903,5.377,0.129,0.001,-0.023,0.001,9689.875,2.103,381.401,2.023
2021-03-17 11:44:26.414098,-15,-1976.017,1.134,-2245.086,3.915,-2668.352,1.493,-2791.905,4.362,0.128,0.001,-0.015,0.001,9681.359,0.994,392.622,1.391
2021-03-17 11:46:16.996431,-14,-1959.201,2.221,-2262.813,3.385,-2698.018,2.436,-2776.131,3.595,0.129,0.001,-0.023,0.001,9696.162,2.707,381.725,1.560
2021-03-17 11:46:42.118817,-13,-1965.318,2.337,-2264.410,2.239,-2688.392,2.774,-2773.092,2.813,0.127,0.001,-0.022,0.001,9691.212,1.960,383.793,1.652
2021-03-17 11:47:43.185264,-13,-1958.958,2.017,-2255.863,2.575,-2693.333,2.179,-2779.201,2.568,0.130,0.001,-0.022,0.000,9687.355,2.842,382.773,1.515
