BS
[[ 0.       0.      -0.3333   0.       4.44444  0.     ]
 [ 0.       0.      -0.3333  -3.849   -2.2222   0.     ]
 [ 0.       0.      -0.3333   3.849   -2.2222   0.     ]
 [-1.       0.       0.       0.       0.       0.     ]
 [ 0.      -0.5      0.       0.       0.      -3.7037 ]
 [ 0.       0.5      0.       0.       0.      -3.7037 ]]
SRM
[[ 0.       0.      -0.3333   0.       6.94434  0.     ]
 [ 0.       0.      -0.3333  -6.014   -3.4722   0.     ]
 [ 0.       0.      -0.3333   6.01407 -3.4722   0.     ]
 [-1.       0.       0.       0.       0.       0.     ]
 [ 0.      -0.5      0.       0.       0.      -5.8823 ]
 [ 0.       0.5      0.       0.       0.      -5.8823 ]]
SR2
[[ 0.       0.      -0.33333  0.       6.94444  0.     ]
 [ 0.       0.      -0.33333 -6.01407 -3.47222  0.     ]
 [ 0.       0.      -0.33333  6.01407 -3.47222  0.     ]
 [-1.       0.       0.       0.       0.       0.     ]
 [ 0.      -0.5      0.       0.       0.      -5.88235]
 [ 0.       0.5      0.       0.       0.      -5.88235]]
SR3
[[ 0.       0.      -0.33333  0.       6.94434  0.     ]
 [ 0.       0.      -0.33333 -6.01407 -3.47222  0.     ]
 [ 0.       0.      -0.33333  6.01407 -3.47222  0.     ]
 [-1.       0.       0.       0.       0.       0.     ]
 [ 0.      -0.5      0.       0.       0.      -5.88235]
 [ 0.       0.5      0.       0.       0.      -5.88235]]
PRM
[[ 0.      0.     -0.3333  0.      0.5     0.    ]
 [ 0.      0.     -0.3333 -0.5    -0.25    0.    ]
 [ 0.      0.     -0.3333  0.5    -0.25    0.    ]
 [-1.      0.      0.      0.      0.      0.    ]
 [ 0.     -0.5     0.      0.      0.     -0.5   ]
 [ 0.      0.5     0.      0.      0.     -0.5   ]]
PR2
[[ 0.      0.     -0.3333  0.      0.5     0.    ]
 [ 0.      0.     -0.3333 -0.5    -0.25    0.    ]
 [ 0.      0.     -0.3333  0.5    -0.25    0.    ]
 [-1.      0.      0.      0.      0.      0.    ]
 [ 0.     -0.5     0.      0.      0.     -0.5   ]
 [ 0.      0.5     0.      0.      0.     -0.5   ]]
PR3
[[ 0.      0.     -0.3333  0.      0.5     0.    ]
 [ 0.      0.     -0.3333 -0.5    -0.25    0.    ]
 [ 0.      0.     -0.3333  0.5    -0.25    0.    ]
 [-1.      0.      0.      0.      0.      0.    ]
 [ 0.     -0.5     0.      0.      0.     -0.5   ]
 [ 0.      0.5     0.      0.      0.     -0.5   ]]
