BS
[[ 0.       0.       0.      -1.       0.       0.     ]
 [ 0.       0.       0.       0.      -0.5      0.5    ]
 [-0.3333  -0.3333  -0.3333   0.       0.       0.     ]
 [ 0.      -3.849    3.849    0.       0.       0.     ]
 [ 4.44444 -2.2222  -2.2222   0.       0.       0.     ]
 [ 0.       0.       0.       0.      -3.7037  -3.7037 ]]
SRM
[[ 0.       0.       0.      -1.       0.       0.     ]
 [ 0.       0.       0.       0.      -0.5      0.5    ]
 [-0.33333 -0.33333 -0.33333  0.       0.       0.     ]
 [ 0.      -6.01407  6.01407  0.       0.       0.     ]
 [ 6.94444 -3.47222 -3.47222  0.       0.       0.     ]
 [ 0.       0.       0.       0.      -5.88235 -5.88235]]
SR2
[[ 0.        0.        0.       -1.        0.        0.      ]
 [ 0.        0.        0.        0.       -0.5       0.5     ]
 [-0.333333 -0.333333 -0.333333  0.        0.        0.      ]
 [ 0.       -6.01407   6.01407   0.        0.        0.      ]
 [ 6.94444  -3.47222  -3.47222   0.        0.        0.      ]
 [ 0.        0.        0.        0.       -5.88235  -5.88235 ]]
SR3
[[ 0.        0.        0.       -1.        0.        0.      ]
 [ 0.        0.        0.        0.       -0.5       0.5     ]
 [-0.33333  -0.33333  -0.33333   0.        0.        0.      ]
 [ 0.       -6.01407   6.01407   0.        0.        0.      ]
 [ 6.944444 -3.47222  -3.47222   0.        0.        0.      ]
 [ 0.        0.        0.        0.       -5.88235  -5.88235 ]]
PRM
[[ 0.        0.        0.        1.        0.        0.      ]
 [ 0.        0.        0.        0.        0.5      -0.5     ]
 [ 0.33333   0.33333   0.33333   0.        0.        0.      ]
 [ 0.        6.0241   -6.0241    0.        0.        0.      ]
 [-5.26315   2.63158   2.63158   0.        0.        0.      ]
 [ 0.        0.        0.        0.        5.95238   5.925238]]
PR2
[[ 0.       0.       0.       1.       0.       0.     ]
 [ 0.       0.       0.       0.       0.5     -0.5    ]
 [ 0.3333   0.3333   0.3333   0.       0.       0.     ]
 [ 0.       6.0241  -6.0241   0.       0.       0.     ]
 [-5.2631   2.6316   2.6316   0.       0.       0.     ]
 [ 0.       0.       0.       0.       5.95238  5.95238]]
PR3
[[ 0.        0.        0.        1.        0.        0.      ]
 [ 0.        0.        0.        0.        0.5      -0.648   ]
 [ 0.333     0.179     0.198     0.        0.        0.      ]
 [ 0.        6.024096 -6.6626    0.        0.        0.      ]
 [-5.26315   1.41025   1.56842   0.        0.        0.      ]
 [ 0.        0.        0.        0.        5.95238   7.70238 ]]
