TM OPLEV_TILT_MTRX
PRM
[[-1. -1.  1.  1.]
 [ 1. -1. -1.  1.]
 [ 1.  1.  1.  1.]
 [ 1. -1.  1. -1.]]
PR2
[[-1. -1.  1.  1.]
 [ 1. -1. -1.  1.]
 [ 1.  1.  1.  1.]
 [ 0.  0.  0.  0.]]
PR3
[[-1. -1.  1.  1.]
 [ 1. -1. -1.  1.]
 [ 1.  1.  1.  1.]
 [ 0.  0.  0.  0.]]
TM OPLEV_LEN_MTRX
PRM
[[-1. -1.  1.  1.]
 [ 1. -1. -1.  1.]
 [ 1.  1.  1.  1.]
 [ 1. -1.  1. -1.]]
PR2
[[-1. -1.  1.  1.]
 [ 1. -1. -1.  1.]
 [ 1.  1.  1.  1.]
 [ 0.  0.  0.  0.]]
PR3
[[-1. -1.  1.  1.]
 [ 1. -1. -1.  1.]
 [ 1.  1.  1.  1.]
 [ 0.  0.  0.  0.]]
TM OPLEV2EUL
PRM
[[ 0.      0.0284  0.     -1.    ]
 [ 1.      0.      0.      0.    ]
 [ 0.      1.      0.      3.91  ]]
PR2
[[0. 0. 0. 0.]
 [0. 0. 0. 0.]
 [0. 0. 0. 0.]]
PR3
[[0. 0. 0. 0.]
 [0. 0. 0. 0.]
 [0. 0. 0. 0.]]
TM SENSALIGN
PRM
[[1. 0. 0. 0.]
 [0. 1. 0. 0.]
 [0. 0. 1. 0.]]
PR2
[[0. 0. 0. 0.]
 [0. 0. 0. 0.]
 [0. 0. 0. 0.]]
PR3
[[0. 0. 0. 0.]
 [0. 0. 0. 0.]
 [0. 0. 0. 0.]]
IM OSEM2EUL
PRM
[[ 0.        0.        0.        1.        0.        0.      ]
 [ 0.        0.        0.        0.        0.5      -0.5     ]
 [ 0.33333   0.33333   0.33333   0.        0.        0.      ]
 [ 0.        6.0241   -6.0241    0.        0.        0.      ]
 [-5.26315   2.63158   2.63158   0.        0.        0.      ]
 [ 0.        0.        0.        0.        5.95238   5.925238]]
PR2
[[ 0.       0.       0.       1.       0.       0.     ]
 [ 0.       0.       0.       0.       0.5     -0.5    ]
 [ 0.3333   0.3333   0.3333   0.       0.       0.     ]
 [ 0.       6.0241  -6.0241   0.       0.       0.     ]
 [-5.2631   2.6316   2.6316   0.       0.       0.     ]
 [ 0.       0.       0.       0.       5.95238  5.95238]]
PR3
[[ 0.        0.        0.        1.        0.        0.      ]
 [ 0.        0.        0.        0.        0.5      -0.648   ]
 [ 0.333     0.179     0.198     0.        0.        0.      ]
 [ 0.        6.024096 -6.6626    0.        0.        0.      ]
 [-5.26315   1.41025   1.56842   0.        0.        0.      ]
 [ 0.        0.        0.        0.        5.95238   7.70238 ]]
IM EUL2OSEM
PRM
[[ 0.      0.     -0.3333  0.      0.5     0.    ]
 [ 0.      0.     -0.3333 -0.5    -0.25    0.    ]
 [ 0.      0.     -0.3333  0.5    -0.25    0.    ]
 [-1.      0.      0.      0.      0.      0.    ]
 [ 0.     -0.5     0.      0.      0.     -0.5   ]
 [ 0.      0.5     0.      0.      0.     -0.5   ]]
PR2
[[ 0.      0.     -0.3333  0.      0.5     0.    ]
 [ 0.      0.     -0.3333 -0.5    -0.25    0.    ]
 [ 0.      0.     -0.3333  0.5    -0.25    0.    ]
 [-1.      0.      0.      0.      0.      0.    ]
 [ 0.     -0.5     0.      0.      0.     -0.5   ]
 [ 0.      0.5     0.      0.      0.     -0.5   ]]
PR3
[[ 0.      0.     -0.3333  0.      0.5     0.    ]
 [ 0.      0.     -0.3333 -0.5    -0.25    0.    ]
 [ 0.      0.     -0.3333  0.5    -0.25    0.    ]
 [-1.      0.      0.      0.      0.      0.    ]
 [ 0.     -0.5     0.      0.      0.     -0.5   ]
 [ 0.      0.5     0.      0.      0.     -0.5   ]]
IM SENSALIGN
PRM
[[1. 0. 0. 0. 0. 0.]
 [0. 1. 0. 0. 0. 0.]
 [0. 0. 1. 0. 0. 0.]
 [0. 0. 0. 1. 0. 0.]
 [0. 0. 0. 0. 1. 0.]
 [0. 0. 0. 0. 0. 1.]]
PR2
[[1. 0. 0. 0. 0. 0.]
 [0. 1. 0. 0. 0. 0.]
 [0. 0. 1. 0. 0. 0.]
 [0. 0. 0. 1. 0. 0.]
 [0. 0. 0. 0. 1. 0.]
 [0. 0. 0. 0. 0. 1.]]
PR3
[[ 1.     0.     0.     0.     0.006  0.   ]
 [ 0.     1.     0.     0.     0.     0.   ]
 [ 0.    -0.005  1.     0.     0.039  0.   ]
 [ 0.    -0.17   0.     1.    -0.113  0.   ]
 [ 0.218  0.105  0.     0.     1.     0.   ]
 [ 0.248  3.075  0.     0.     0.091  1.   ]]
