DateTime,Disp,K1:VIS-MCE_TM_OPLEV_TILT_SEG1_INMON.mean,K1:VIS-MCE_TM_OPLEV_TILT_SEG1_INMON.std,K1:VIS-MCE_TM_OPLEV_TILT_SEG2_INMON.mean,K1:VIS-MCE_TM_OPLEV_TILT_SEG2_INMON.std,K1:VIS-MCE_TM_OPLEV_TILT_SEG3_INMON.mean,K1:VIS-MCE_TM_OPLEV_TILT_SEG3_INMON.std,K1:VIS-MCE_TM_OPLEV_TILT_SEG4_INMON.mean,K1:VIS-MCE_TM_OPLEV_TILT_SEG4_INMON.std,K1:VIS-MCE_TM_OPLEV_TILT_PIT_INMON.mean,K1:VIS-MCE_TM_OPLEV_TILT_PIT_INMON.std,K1:VIS-MCE_TM_OPLEV_TILT_YAW_INMON.mean,K1:VIS-MCE_TM_OPLEV_TILT_YAW_INMON.std,K1:VIS-MCE_TM_OPLEV_TILT_SUM_INMON.mean,K1:VIS-MCE_TM_OPLEV_TILT_SUM_INMON.std,K1:VIS-MCE_TM_OPLEV_TILT_CRS_INMON.mean,K1:VIS-MCE_TM_OPLEV_TILT_CRS_INMON.std
2021-04-13 14:46:37.337623,,-2810.118,10.283,-3731.678,21.605,-5372.703,14.627,-5093.651,23.865,0.231,0.003,-0.071,0.003,17008.150,1.675,642.508,10.826
2021-04-13 14:50:21.803618,4.1,-7068.745,18.078,-58.606,0.593,-73.827,0.534,-10080.993,17.661,0.175,0.002,0.985,0.000,17282.172,2.409,2997.026,36.113
2021-04-13 14:51:10.932448,4.2,-7028.133,18.115,-61.788,0.445,-81.033,0.477,-10108.760,19.500,0.179,0.002,0.983,0.000,17279.715,2.753,3061.382,37.596
2021-04-13 14:51:30.975451,4.3,-7047.927,16.395,-66.640,0.650,-86.774,0.359,-10066.160,16.349,0.176,0.002,0.982,0.000,17267.502,2.914,2998.098,32.559
2021-04-13 14:51:53.009580,4.4,-6965.902,22.371,-73.008,0.601,-94.025,0.522,-10105.455,22.630,0.183,0.003,0.981,0.000,17238.391,2.042,3118.535,44.621
2021-04-13 14:52:18.768115,4.5,-7028.063,16.515,-81.950,0.659,-101.862,0.461,-9973.430,16.914,0.173,0.002,0.979,0.000,17185.305,1.931,2925.455,33.269
2021-04-13 14:52:43.645459,4.6,-6901.091,10.343,-92.902,0.569,-112.719,0.399,-10041.027,10.148,0.184,0.001,0.976,0.000,17147.740,2.370,3120.120,20.140
2021-04-13 14:53:04.025938,4.7,-6904.572,28.821,-117.194,0.825,-130.580,0.534,-10013.750,29.882,0.182,0.003,0.971,0.000,17166.096,1.669,3095.792,58.371
2021-04-13 14:53:27.234522,4.8,-6675.905,7.974,-219.146,0.996,-215.036,0.982,-10077.350,7.608,0.198,0.001,0.949,0.000,17187.436,2.371,3405.555,14.855
2021-04-13 14:53:47.951353,4.9,-6205.155,17.089,-619.647,5.626,-629.233,5.973,-9694.832,21.089,0.204,0.002,0.854,0.001,17148.867,1.567,3480.090,34.452
2021-04-13 14:54:22.880492,5.0,-5185.835,10.956,-1540.012,12.034,-1822.660,10.877,-8506.482,24.117,0.211,0.002,0.606,0.003,17054.990,2.231,3037.999,25.296
2021-04-13 14:54:22.722166,5.0,-5185.835,10.956,-1540.012,12.034,-1822.660,10.877,-8506.482,24.117,0.211,0.002,0.606,0.003,17054.990,2.231,3037.999,25.296
2021-04-13 14:55:11.421278,5.1,-3687.465,7.127,-2965.244,12.892,-3967.051,9.123,-6372.735,18.202,0.217,0.002,0.184,0.002,16992.496,2.853,1683.464,11.105
2021-04-13 14:55:34.019666,5.2,-2090.360,9.310,-4537.669,7.962,-6619.876,17.289,-3774.733,11.161,0.221,0.001,-0.311,0.002,17022.637,1.820,-397.833,15.626
2021-04-13 14:55:51.549333,5.3,-1047.908,4.657,-5518.077,24.316,-8591.795,16.801,-1955.688,12.996,0.233,0.003,-0.649,0.002,17113.469,2.835,-2165.938,28.352
2021-04-13 14:56:12.690151,5.4,-422.339,1.202,-6160.740,7.167,-9819.484,7.536,-795.120,2.945,0.234,0.001,-0.858,0.000,17197.684,2.707,-3285.963,13.282
2021-04-13 14:56:40.965949,5.5,-186.574,1.324,-6405.525,16.773,-10324.378,17.748,-337.137,2.387,0.236,0.002,-0.939,0.000,17253.613,1.306,-3768.290,34.176
2021-04-13 14:57:00.428138,5.6,-115.335,0.556,-6423.431,6.253,-10577.348,5.036,-152.835,0.535,0.243,0.001,-0.969,0.000,17268.949,2.730,-4116.417,10.852
2021-04-13 14:57:21.139028,5.7,-96.136,0.539,-6384.979,12.691,-10696.953,11.866,-99.193,0.461,0.250,0.001,-0.977,0.000,17277.262,2.549,-4308.917,24.313
2021-04-13 14:57:41.611487,5.8,-88.545,0.531,-6320.702,24.579,-10777.568,25.047,-87.932,0.417,0.258,0.003,-0.980,0.000,17274.746,3.516,-4457.480,49.462
2021-04-13 14:58:12.535472,5.9,-82.389,0.677,-6336.352,13.845,-10774.419,15.217,-81.474,0.402,0.257,0.002,-0.981,0.000,17274.633,2.634,-4438.982,29.028
2021-04-13 14:58:40.041055,6.0,-76.176,0.446,-6327.046,24.598,-10769.991,24.131,-71.141,0.437,0.257,0.003,-0.983,0.000,17244.354,1.889,-4447.979,48.767
2021-04-13 14:58:43.143609,6.0,-76.182,0.656,-6333.564,7.720,-10768.148,8.945,-70.943,0.529,0.257,0.001,-0.983,0.000,17248.836,1.922,-4439.822,16.494
2021-04-13 14:59:07.456905,6.1,-69.766,0.589,-6282.479,19.486,-10813.578,20.409,-64.560,0.367,0.263,0.002,-0.984,0.000,17230.383,2.226,-4536.305,39.962
