1.000000000000000021e-03 5.999999999999999778e-01 7.139047363826887249e+01 7.957747154594761923e+03
1.097498765493055582e-03 5.739494234129429717e-01 5.482252045193022383e+01 6.019743892403144855e+03
1.204503540258782370e-03 5.490299010600826479e-01 4.209957709387147418e+01 4.553715495873929285e+03
1.321941148466028622e-03 5.251923252498325034e-01 3.232931242256356086e+01 3.444718776745869491e+03
1.450828778495940165e-03 5.023897204300734609e-01 2.482648315885029078e+01 2.605803428347086992e+03
1.592282793341092241e-03 4.805771506157171524e-01 1.906487394413335323e+01 1.971194732360699390e+03
1.747528400007682938e-03 4.597116308355433945e-01 1.464039091562286465e+01 1.491136526499736192e+03
1.917910261672488683e-03 4.397520424238061665e-01 1.124272034477355753e+01 1.127990098674239562e+03
2.104904144512019862e-03 4.206590519896791780e-01 8.633564600785645027e+00 8.532831434917889055e+02
2.310129700083160455e-03 4.023950339048524283e-01 6.629929005624507710e+00 6.454774060720714033e+02
2.535364493970111363e-03 3.849239961565363299e-01 5.091287394272981714e+00 4.882799864586113472e+02
2.782559402207125665e-03 3.682115094197496719e-01 3.909726229208871917e+00 3.693659033348096727e+02
3.053855508833415357e-03 3.522246392091246125e-01 3.021681825049669090e+00 2.794117603218715544e+02
3.351602650938840990e-03 3.369318809765148859e-01 2.399510075869756509e+00 2.113647499709797728e+02
3.678379771828634275e-03 3.223030980265149115e-01 1.905445026167118527e+00 1.598896820907992264e+02
4.037017258596553408e-03 3.083094621275391800e-01 1.513109190187076791e+00 1.209506809560578660e+02
4.430621457583882282e-03 2.949233967014260327e-01 1.201556271625431771e+00 9.149475458601766320e+01
4.862601580065353639e-03 2.821185224796168844e-01 9.541528683094654406e-01 6.921242650793313089e+01
5.336699231206312212e-03 2.698696055188123388e-01 7.576904366464699558e-01 5.235666246432121085e+01
5.857020818056667653e-03 2.581525074736679137e-01 6.016801047851805251e-01 3.960589510741500163e+01
6.428073117284318835e-03 2.469441380285285481e-01 4.777926854885458097e-01 2.996040720373477839e+01
7.054802310718645032e-03 2.362224093944668979e-01 3.794139917387853167e-01 2.266394932822884556e+01
7.742636826811269413e-03 2.259661927819506810e-01 3.012917139574134984e-01 1.714444652436150562e+01
8.497534359086447373e-03 2.161552767633641015e-01 2.392550060776161280e-01 1.296914506690087521e+01
9.326033468832199691e-03 2.067703274433299043e-01 1.899918095367578441e-01 9.810682632846546625e+00
1.023531021899026262e-02 1.975824617581835863e-01 1.510789977410358642e-01 7.421421630025516691e+00
1.123324032978027624e-02 1.882010223254211301e-01 1.206311372434442641e-01 5.614033301434990797e+00
1.232846739442066547e-02 1.792650242797506621e-01 9.631961748640961718e-02 4.246810312206016569e+00
1.353047774579807516e-02 1.707533175587794549e-01 7.690774475586266423e-02 3.212556260264670005e+00
1.484968262254465071e-02 1.626457563290713837e-01 6.140806367163460094e-02 2.430180998596269237e+00
1.629750834620644420e-02 1.549231513042161612e-01 4.903212668464147078e-02 1.838342804758166471e+00
1.788649529057435156e-02 1.475672243268917327e-01 3.915038682988536412e-02 1.390638915273469722e+00
1.963040650040271534e-02 1.405605651074215146e-01 3.126017353454452197e-02 1.051967341274728129e+00
2.154434690031884619e-02 1.338865900164338818e-01 2.496012245436857874e-02 7.957747154594765338e-01
2.364489412645408295e-02 1.275295028340932557e-01 1.992975861917756566e-02 6.019743892403142116e-01
2.595024211399737241e-02 1.214742573630017836e-01 1.591319431003689402e-02 4.553715495873933428e-01
2.848035868435801893e-02 1.157065218162834364e-01 1.270611240144766882e-02 3.444718776745875899e-01
3.125715849688236875e-02 1.102126448965618510e-01 1.028102600021058369e-02 2.605803428347095441e-01
3.430469286314918875e-02 1.049796234855467636e-01 8.459890891755300971e-03 1.971194732360702917e-01
3.764935806792469447e-02 9.999507186775588585e-02 6.961343537010640861e-03 1.491136526499732828e-01
4.132012400115338963e-02 9.524719241552903615e-02 5.728242179518822259e-03 1.127990098674238190e-01
4.534878508128584174e-02 9.072474766595124696e-02 4.713566898798545769e-03 8.532831434917885483e-02
4.977023564332111460e-02 8.641703372359514634e-02 3.878626673447610647e-03 6.454774060720729068e-02
5.462277217684342878e-02 8.231385492613124688e-02 3.191584037093817949e-03 4.882799864586102878e-02
5.994842503189411892e-02 7.840549971284420383e-02 2.626241070213085858e-03 3.693659033348094950e-02
6.579332246575682330e-02 7.468271763893853665e-02 2.161040435944262383e-03 2.794117603218713997e-02
7.220809018385467015e-02 7.113669748123199743e-02 1.778243367965930827e-03 2.113647499709791003e-02
7.924828983539176919e-02 6.775904638341496977e-02 1.463253265935824440e-03 1.598896820907988112e-02
8.697490026177834288e-02 6.454176999151670091e-02 1.204059106218400123e-03 1.209506809560576511e-02
9.545484566618342437e-02 6.147725353256226072e-02 9.907774443546227359e-04 9.149475458601766600e-03
1.047615752789665122e-01 5.868301747931557039e-02 8.252617296923181640e-04 6.921242650793294447e-03
1.149756995397736847e-01 5.613514007730800726e-02 6.958162882256156093e-04 5.235666246432107290e-03
1.261856883066020951e-01 5.369788546762621628e-02 5.866748566428537943e-04 3.960589510741492972e-03
1.384886371393873050e-01 5.136645067106385132e-02 4.946526737605080448e-04 2.996040720373475009e-03
1.519911082952934700e-01 4.913624124237744861e-02 4.170645203010155729e-04 2.266394932822880705e-03
1.668100537200059019e-01 4.700286221623633381e-02 3.516463638446503184e-04 1.714444652436147506e-03
1.830738280295369780e-01 4.496210944627807016e-02 2.964892940687353321e-04 1.296914506690085211e-03
2.009233002565047888e-01 4.300996132020155210e-02 2.499573067165918277e-04 9.810682632846537150e-04
2.205130739903045645e-01 4.114257083457109609e-02 2.102995130359895594e-04 7.421421630025500397e-04
2.420128264794383366e-01 3.935625801371372967e-02 1.769337562646994863e-04 5.614033301434978585e-04
2.656087782946686682e-01 3.764750265777001836e-02 1.488617527163685068e-04 4.246810312206010778e-04
2.915053062825178620e-01 3.601293740560722323e-02 1.252436046665807016e-04 3.212556260264665597e-04
3.199267137797384697e-01 3.444934109892444640e-02 1.053726711102602259e-04 2.430180998596263831e-04
3.511191734215134419e-01 3.295363243447247542e-02 8.865442548120652344e-05 1.838342804758157653e-04
3.853528593710531247e-01 3.152286389187921450e-02 7.458866776926094616e-05 1.390638915273467995e-04
4.229242874389498863e-01 3.015421592511459761e-02 6.275455883217666254e-05 1.051967341274729240e-04
4.641588833612781961e-01 2.884499140614816062e-02 5.279802913766572144e-05 7.957747154594748556e-05
5.094138014816380622e-01 2.759261030985004845e-02 4.442118521264279651e-05 6.019743892403134361e-05
5.590810182512228055e-01 2.639460462966076310e-02 3.737339684689503611e-05 4.553715495873921442e-05
6.135907273413175878e-01 2.524861351401064616e-02 3.144379838559482204e-05 3.444718776745863580e-05
6.734150657750828106e-01 2.415237861390441554e-02 2.645497975376240134e-05 2.605803428347082428e-05
7.390722033525782830e-01 2.310373963250255194e-02 2.225767845186935842e-05 1.971194732360697781e-05
8.111308307896872849e-01 2.210063006792933535e-02 1.872631371023274490e-05 1.491136526499732398e-05
8.902150854450392448e-01 2.114107314091797502e-02 1.575522918674375183e-05 1.127990098674236696e-05
9.770099572992256842e-01 2.022317789926787734e-02 1.325553179167251556e-05 8.532831434917888269e-06
1.072267222010324206e+00 2.000000000000000042e-02 1.136937645451468715e-05 7.421421630025497077e-06
1.176811952434999142e+00 2.000000000000000042e-02 9.814431723119528618e-06 6.762122986709134471e-06
1.291549665014884107e+00 2.000000000000000042e-02 8.472150643716791217e-06 6.161394617761806455e-06
1.417474162926806169e+00 2.000000000000000042e-02 7.313448048219362851e-06 5.614033301434985666e-06
1.555676143930472266e+00 2.000000000000000042e-02 6.313216632151242974e-06 5.115298055859637861e-06
1.707352647470692153e+00 2.000000000000000042e-02 5.449782917945946570e-06 4.660869074929268803e-06
1.873817422860384996e+00 2.000000000000000042e-02 4.704437623996921368e-06 4.246810312206008441e-06
2.056512308348653395e+00 2.000000000000000042e-02 4.061030263278701729e-06 3.869535388769305827e-06
2.257019719633921451e+00 2.000000000000000042e-02 3.505619187114192094e-06 3.525776529717460272e-06
2.477076355991711498e+00 2.000000000000000042e-02 3.026169491074233867e-06 3.212556260264669951e-06
2.718588242732943083e+00 2.000000000000000042e-02 2.612292237094647954e-06 2.927161616278824400e-06
2.983647240283340274e+00 2.000000000000000042e-02 2.255019341154803077e-06 2.667120645884086913e-06
3.274549162877731678e+00 2.000000000000000042e-02 2.092248839862760107e-06 2.430180998596267084e-06
3.593813663804629410e+00 2.000000000000000042e-02 1.949989381016733861e-06 2.214290416540465556e-06
3.944206059437660006e+00 2.000000000000000042e-02 1.817402650024859185e-06 2.017578958775124161e-06
4.328761281083061796e+00 2.000000000000000042e-02 1.693830963630789638e-06 1.838342804758163193e-06
4.750810162102798273e+00 2.000000000000000042e-02 1.578661356807840546e-06 1.675029496668525951e-06
5.214008287999689628e+00 2.000000000000000042e-02 1.471322542207109752e-06 1.526224492759233966e-06
5.722367659350219959e+00 2.000000000000000042e-02 1.371282076343559417e-06 1.390638915273469774e-06
6.280291441834259025e+00 2.000000000000000042e-02 1.278043718463198130e-06 1.267098386802028372e-06
6.892612104349701951e+00 2.000000000000000042e-02 1.191144968990325491e-06 1.154532858388025893e-06
7.564633275546290392e+00 2.000000000000000042e-02 1.110154775344501993e-06 1.051967341274728630e-06
8.302175681319752698e+00 2.000000000000000042e-02 1.034671393747213407e-06 9.585134620193647977e-07
9.111627561154895361e+00 2.000000000000000042e-02 9.643203964119264183e-07 8.733617678273648264e-07
1.000000000000000000e+01 2.000000000000000042e-02 8.987528142323860448e-07 7.957747154594772993e-07
